ACCURACY: [0.97402596]
SENSITIVITY: [1.]
SPECIFICITY: [0.94871795]

PPV: [0.95]
NPV: [1.]

PRECISION: [0.95]
RECALL: [1.]
F1-score: 0.974358856678009

AUC: 1.0