ACCURACY: [0.90909094]
SENSITIVITY: [1.]
SPECIFICITY: [0.81333333]

PPV: [0.8494624]
NPV: [1.]

PRECISION: [0.8494624]
RECALL: [1.]
F1-score: 0.9186046123504639

AUC: 1.0