ACCURACY: [0.9512987]
SENSITIVITY: [1.]
SPECIFICITY: [0.8965517]

PPV: [0.91573036]
NPV: [1.]

PRECISION: [0.91573036]
RECALL: [1.]
F1-score: 0.9560116529464722

AUC: 1.0