ACCURACY: [0.96753246]
SENSITIVITY: [1.]
SPECIFICITY: [0.9310345]

PPV: [0.94219655]
NPV: [1.]

PRECISION: [0.94219655]
RECALL: [1.]
F1-score: 0.9702380299568176

AUC: 1.0