ACCURACY: [0.9695596]
SENSITIVITY: [1.]
SPECIFICITY: [0.9397822]

PPV: [0.9420111]
NPV: [1.]

PRECISION: [0.9420111]
RECALL: [1.]
F1-score: 0.970139741897583

AUC: 0.9999999999999999