ACCURACY: [0.96428573]
SENSITIVITY: [1.]
SPECIFICITY: [0.9378531]

PPV: [0.92253524]
NPV: [1.]

PRECISION: [0.92253524]
RECALL: [1.]
F1-score: 0.9597069621086121

AUC: 1.0