ACCURACY: [0.89285713]
SENSITIVITY: [1.]
SPECIFICITY: [0.8135593]

PPV: [0.7987805]
NPV: [1.]

PRECISION: [0.7987805]
RECALL: [1.]
F1-score: 0.888135552406311

AUC: 1.0