ACCURACY: [0.9512987]
SENSITIVITY: [1.]
SPECIFICITY: [0.90384614]

PPV: [0.9101796]
NPV: [1.]

PRECISION: [0.9101796]
RECALL: [1.]
F1-score: 0.9529779553413391

AUC: 1.0