ACCURACY: [0.98376626]
SENSITIVITY: [1.]
SPECIFICITY: [0.9655172]

PPV: [0.9702381]
NPV: [1.]

PRECISION: [0.9702381]
RECALL: [1.]
F1-score: 0.9848942160606384

AUC: 1.0