ACCURACY: [0.9383117]
SENSITIVITY: [1.]
SPECIFICITY: [0.8895349]

PPV: [0.87741935]
NPV: [1.]

PRECISION: [0.87741935]
RECALL: [1.]
F1-score: 0.9347078204154968

AUC: 1.0