ACCURACY: [0.95886075]
SENSITIVITY: [1.]
SPECIFICITY: [0.9097222]

PPV: [0.9297297]
NPV: [1.]

PRECISION: [0.9297297]
RECALL: [1.]
F1-score: 0.963585376739502

AUC: 1.0