ACCURACY: [0.9640544]
SENSITIVITY: [1.]
SPECIFICITY: [0.9288917]

PPV: [0.9322344]
NPV: [1.]

PRECISION: [0.9322344]
RECALL: [1.]
F1-score: 0.9649288654327393

AUC: 0.9989902028278517