ACCURACY: [0.8087619]
SENSITIVITY: [0.90839106]
SPECIFICITY: [0.7111614]

PPV: [0.7549584]
NPV: [0.88794726]

PRECISION: [0.7549584]
RECALL: [0.90839106]
F1-score: 0.8245981335639954

AUC: 0.8461126263734605