ACCURACY: [0.97402596]
SENSITIVITY: [1.]
SPECIFICITY: [0.94520545]

PPV: [0.9529412]
NPV: [1.]

PRECISION: [0.9529412]
RECALL: [1.]
F1-score: 0.9759035706520081

AUC: 0.9949264332825976