ACCURACY: [0.96753246]
SENSITIVITY: [1.]
SPECIFICITY: [0.94350284]

PPV: [0.92907804]
NPV: [1.]

PRECISION: [0.92907804]
RECALL: [1.]
F1-score: 0.9632351994514465

AUC: 0.9810238495708802