ACCURACY: [0.97402596]
SENSITIVITY: [1.]
SPECIFICITY: [0.95348835]

PPV: [0.9444444]
NPV: [1.]

PRECISION: [0.9444444]
RECALL: [1.]
F1-score: 0.9714285135269165

AUC: 1.0