ACCURACY: [0.9734456]
SENSITIVITY: [1.]
SPECIFICITY: [0.9474696]

PPV: [0.94903666]
NPV: [1.]

PRECISION: [0.94903666]
RECALL: [1.]
F1-score: 0.9738519787788391

AUC: 0.9954246580974447