ACCURACY: [0.987013]
SENSITIVITY: [1.]
SPECIFICITY: [0.974359]

PPV: [0.974359]
NPV: [1.]

PRECISION: [0.974359]
RECALL: [1.]
F1-score: 0.9870129227638245

AUC: 1.0