ACCURACY: [0.987013]
SENSITIVITY: [1.]
SPECIFICITY: [0.9724138]

PPV: [0.97604793]
NPV: [1.]

PRECISION: [0.97604793]
RECALL: [1.]
F1-score: 0.9878787398338318

AUC: 1.0