ACCURACY: [0.8598095]
SENSITIVITY: [0.8144727]
SPECIFICITY: [0.9042232]

PPV: [0.89282703]
NPV: [0.83263886]

PRECISION: [0.89282703]
RECALL: [0.8144727]
F1-score: 0.8518518209457397

AUC: 0.9420026078768097