ACCURACY: [0.97727275]
SENSITIVITY: [1.]
SPECIFICITY: [0.9593023]

PPV: [0.951049]
NPV: [1.]

PRECISION: [0.951049]
RECALL: [1.]
F1-score: 0.974910318851471

AUC: 1.0