ACCURACY: [0.9577922]
SENSITIVITY: [1.]
SPECIFICITY: [0.91333336]

PPV: [0.9239766]
NPV: [1.]

PRECISION: [0.9239766]
RECALL: [1.]
F1-score: 0.9604862332344055

AUC: 0.9856118143459915