ACCURACY: [0.96753246]
SENSITIVITY: [1.]
SPECIFICITY: [0.9425287]

PPV: [0.9305556]
NPV: [1.]

PRECISION: [0.9305556]
RECALL: [1.]
F1-score: 0.9640287160873413

AUC: 0.9948533196088524