ACCURACY: [0.83116883]
SENSITIVITY: [0.7051282]
SPECIFICITY: [0.9605263]

PPV: [0.94827586]
NPV: [0.7604167]

PRECISION: [0.94827586]
RECALL: [0.7051282]
F1-score: 0.8088235259056091

AUC: 0.9825404858299597