ACCURACY: [0.8863636]
SENSITIVITY: [0.8684211]
SPECIFICITY: [0.90384614]

PPV: [0.8979592]
NPV: [0.8757764]

PRECISION: [0.8979592]
RECALL: [0.8684211]
F1-score: 0.8829430341720581

AUC: 0.9654183535762483