ACCURACY: [0.9335443]
SENSITIVITY: [1.]
SPECIFICITY: [0.8541667]

PPV: [0.8911917]
NPV: [1.]

PRECISION: [0.8911917]
RECALL: [1.]
F1-score: 0.9424657225608826

AUC: 0.983204134366925