ACCURACY: [0.8149351]
SENSITIVITY: [0.72392637]
SPECIFICITY: [0.9172414]

PPV: [0.9076923]
NPV: [0.747191]

PRECISION: [0.9076923]
RECALL: [0.72392637]
F1-score: 0.8054606914520264

AUC: 0.9680135392426485