ACCURACY: [0.9318182]
SENSITIVITY: [1.]
SPECIFICITY: [0.87931037]

PPV: [0.86451614]
NPV: [1.]

PRECISION: [0.86451614]
RECALL: [1.]
F1-score: 0.9273355603218079

AUC: 0.9929662034654314