ACCURACY: [0.9546632]
SENSITIVITY: [0.95808774]
SPECIFICITY: [0.95131326]

PPV: [0.9506173]
NPV: [0.958683]

PRECISION: [0.9506173]
RECALL: [0.95808774]
F1-score: 0.9543378353118896

AUC: 0.9878337690102603