ACCURACY: [0.9177215]
SENSITIVITY: [0.9244186]
SPECIFICITY: [0.9097222]

PPV: [0.9244186]
NPV: [0.9097222]

PRECISION: [0.9244186]
RECALL: [0.9244186]
F1-score: 0.924418568611145

AUC: 0.9795300387596899