ACCURACY: [0.9318182]
SENSITIVITY: [0.9160305]
SPECIFICITY: [0.94350284]

PPV: [0.9230769]
NPV: [0.93820226]

PRECISION: [0.9230769]
RECALL: [0.9160305]
F1-score: 0.9195401072502136

AUC: 0.9816707637900548