ACCURACY: [0.9253247]
SENSITIVITY: [0.94736844]
SPECIFICITY: [0.90384614]

PPV: [0.9056604]
NPV: [0.94630873]

PRECISION: [0.9056604]
RECALL: [0.94736844]
F1-score: 0.9260450005531311

AUC: 0.9753289473684211