ACCURACY: [0.8051948]
SENSITIVITY: [1.]
SPECIFICITY: [0.5890411]

PPV: [0.7297297]
NPV: [1.]

PRECISION: [0.7297297]
RECALL: [1.]
F1-score: 0.8437499403953552

AUC: 1.0