ACCURACY: [0.9415584]
SENSITIVITY: [1.]
SPECIFICITY: [0.88461536]

PPV: [0.89411765]
NPV: [1.]

PRECISION: [0.89411765]
RECALL: [1.]
F1-score: 0.9440993666648865

AUC: 1.0