ACCURACY: [0.8084416]
SENSITIVITY: [1.]
SPECIFICITY: [0.6118421]

PPV: [0.7255814]
NPV: [1.]

PRECISION: [0.7255814]
RECALL: [1.]
F1-score: 0.8409702777862549

AUC: 1.0