ACCURACY: [0.8279221]
SENSITIVITY: [1.]
SPECIFICITY: [0.63448274]

PPV: [0.7546296]
NPV: [1.]

PRECISION: [0.7546296]
RECALL: [1.]
F1-score: 0.8601582646369934

AUC: 1.0