ACCURACY: [0.8279221]
SENSITIVITY: [1.]
SPECIFICITY: [0.64666665]

PPV: [0.7488152]
NPV: [1.]

PRECISION: [0.7488152]
RECALL: [1.]
F1-score: 0.8563685417175293

AUC: 1.0