ACCURACY: [0.87974685]
SENSITIVITY: [1.]
SPECIFICITY: [0.7361111]

PPV: [0.81904763]
NPV: [1.]

PRECISION: [0.81904763]
RECALL: [1.]
F1-score: 0.9005234837532043

AUC: 1.0