ACCURACY: [0.85714287]
SENSITIVITY: [1.]
SPECIFICITY: [0.74712646]

PPV: [0.752809]
NPV: [1.]

PRECISION: [0.752809]
RECALL: [1.]
F1-score: 0.858974277973175

AUC: 1.0