ACCURACY: [0.97077924]
SENSITIVITY: [1.]
SPECIFICITY: [0.94078946]

PPV: [0.94545454]
NPV: [1.]

PRECISION: [0.94545454]
RECALL: [1.]
F1-score: 0.9719625115394592

AUC: 1.0