ACCURACY: [0.8116883]
SENSITIVITY: [1.]
SPECIFICITY: [0.6]

PPV: [0.7375566]
NPV: [1.]

PRECISION: [0.7375566]
RECALL: [1.]
F1-score: 0.8489583134651184

AUC: 1.0