ACCURACY: [0.9448052]
SENSITIVITY: [1.]
SPECIFICITY: [0.9011628]

PPV: [0.8888889]
NPV: [1.]

PRECISION: [0.8888889]
RECALL: [1.]
F1-score: 0.9411764740943909

AUC: 1.0