ACCURACY: [0.9177215]
SENSITIVITY: [1.]
SPECIFICITY: [0.8194444]

PPV: [0.86868685]
NPV: [1.]

PRECISION: [0.86868685]
RECALL: [1.]
F1-score: 0.9297296404838562

AUC: 1.0