ACCURACY: [0.9251943]
SENSITIVITY: [1.]
SPECIFICITY: [0.85201794]

PPV: [0.86860067]
NPV: [1.]

PRECISION: [0.86860067]
RECALL: [1.]
F1-score: 0.929680347442627

AUC: 1.0