ACCURACY: [0.7847619]
SENSITIVITY: [0.8383372]
SPECIFICITY: [0.7322775]

PPV: [0.7541551]
NPV: [0.82218456]

PRECISION: [0.7541551]
RECALL: [0.8383372]
F1-score: 0.7940210103988647

AUC: 0.8448992553733757