ACCURACY: [0.998057]
SENSITIVITY: [1.]
SPECIFICITY: [0.99615633]

PPV: [0.9960861]
NPV: [1.]

PRECISION: [0.9960861]
RECALL: [1.]
F1-score: 0.998039186000824

AUC: 1.0