ACCURACY: [0.98101264]
SENSITIVITY: [1.]
SPECIFICITY: [0.9583333]

PPV: [0.96629214]
NPV: [1.]

PRECISION: [0.96629214]
RECALL: [1.]
F1-score: 0.9828571081161499

AUC: 1.0