ACCURACY: [0.8445714]
SENSITIVITY: [0.7813703]
SPECIFICITY: [0.9064857]

PPV: [0.8911326]
NPV: [0.8088829]

PRECISION: [0.8911326]
RECALL: [0.7813703]
F1-score: 0.8326496481895447

AUC: 0.9251878402808983