ACCURACY: [0.99093264]
SENSITIVITY: [1.]
SPECIFICITY: [0.98206276]

PPV: [0.98199356]
NPV: [1.]

PRECISION: [0.98199356]
RECALL: [1.]
F1-score: 0.9909149408340454

AUC: 0.9987309362502081