ACCURACY: [0.971519]
SENSITIVITY: [1.]
SPECIFICITY: [0.9375]

PPV: [0.95027626]
NPV: [1.]

PRECISION: [0.95027626]
RECALL: [1.]
F1-score: 0.9745041728019714

AUC: 0.9967296511627907