ACCURACY: [0.9383117]
SENSITIVITY: [1.]
SPECIFICITY: [0.8689655]

PPV: [0.8956044]
NPV: [1.]

PRECISION: [0.8956044]
RECALL: [1.]
F1-score: 0.944927453994751

AUC: 0.9184260630420985