ACCURACY: [0.84090906]
SENSITIVITY: [1.]
SPECIFICITY: [0.7183908]

PPV: [0.73224044]
NPV: [1.]

PRECISION: [0.73224044]
RECALL: [1.]
F1-score: 0.8454257845878601

AUC: 1.0