ACCURACY: [0.8863636]
SENSITIVITY: [1.]
SPECIFICITY: [0.7697368]

PPV: [0.8167539]
NPV: [1.]

PRECISION: [0.8167539]
RECALL: [1.]
F1-score: 0.899135410785675

AUC: 0.993421052631579