ACCURACY: [0.96103895]
SENSITIVITY: [1.]
SPECIFICITY: [0.9172414]

PPV: [0.93142855]
NPV: [1.]

PRECISION: [0.93142855]
RECALL: [1.]
F1-score: 0.9644969701766968

AUC: 0.9928918976094775