ACCURACY: [0.9805195]
SENSITIVITY: [1.]
SPECIFICITY: [0.9605263]

PPV: [0.962963]
NPV: [1.]

PRECISION: [0.962963]
RECALL: [1.]
F1-score: 0.9811320304870605

AUC: 0.9964574898785425