ACCURACY: [0.95790154]
SENSITIVITY: [1.]
SPECIFICITY: [0.91672003]

PPV: [0.92154497]
NPV: [1.]

PRECISION: [0.92154497]
RECALL: [1.]
F1-score: 0.9591707587242126

AUC: 0.9863666893629804