ACCURACY: [0.8701299]
SENSITIVITY: [1.]
SPECIFICITY: [0.76744187]

PPV: [0.77272725]
NPV: [1.]

PRECISION: [0.77272725]
RECALL: [1.]
F1-score: 0.8717948198318481

AUC: 0.9948700410396718