ACCURACY: [0.8896104]
SENSITIVITY: [1.]
SPECIFICITY: [0.76551723]

PPV: [0.8274112]
NPV: [1.]

PRECISION: [0.8274112]
RECALL: [1.]
F1-score: 0.9055554866790771

AUC: 1.0